1566
706
1293
12
316
218
1465
954
657
1045
1578
1027
23
468
1168
1395
1420
1922
1831
1316
69
1330
1721
149
1967
66
958
1091
1471
700
829
1389
1407
475
1401
1723
693
867
1029
1703
264
607
1082
639
1427
250
35
848
173
218
164
594
1900
237
1095
220
656
53
1311
127
753
492
1869
512
967
1622
587
13
841
1617
68
1106
576
1150
1745
4
1752
132
1204
277
351
1368
871
251
1957
318
471
613
371
134
1093
1477
627
962
1989
1946
936
929
311
1778
546
379
884
1122
1881
981
1478
1634
1466
682
263
169
402
1135
772
360
1453
1596
973
177
1730
66
1654
709
1380
1995
1008
317
924
1319
447
1822
51
1683
1297
1932
664
775
1918
482
1810
182
651
564
1669
1424
924
1474
1020
250
1651
1102
668
1657
1812
401
1653
820
1070
929
491
1517
1104
542
1200
401
475
216
1528
393
699
1338
927
1702
1903
596
1478
1179
71
498
1781
1722
1953
450
1732
1765
1203
1737
937
273
666
1428
1790
1770
323
1342
523
798
1558
52
1543
609
1742
823
664
1645
1419
142
1177
1490
993
958
1565
946
1760
1649
1063
963
1386
0
1236
404
1780
1378
527
103
720
1050
1253
631
1102
1149
1240
845
1972
256
842
1391
399
19
1234
1392
1330
1151
338
1442
800
1401
406
186
1753
1994
590
1885
1373
1117
1989
445
520
1594
1076
1622
743
669
819
715
925
1662
459
1324
33
45
1068
1715
1196
1406
1158
348
1159
1916
886
1264
1910
1828
1150
1635
1298
1491
81
1818
1437
1509
1440
181
178
612
1248
1104
274
59
780
659
104
1849
375
1652
1607
1533
352
767
1801
1238
383
1711
1067
1885
1699
717
1728
132
535
1166
1641
327
1347
1820
939
947
1276
1565
1007
56
225
1111
257
600
1116
1865
485
1468
984
286
707
1367
349
126
1605
400
843
1333
532
1730
499
526
57
1846
698
1349
794
1974
914
153
382
1139
1264
640
91
380
505
928
201
1841
1566
908
1208
1916
1386
813
668
581
147
1553
311
998
79
368
845
777
1717
1991
1103
984
144
1837
123
1760
829
567
493
1334
1495
694
1527
1062
1954
736
1330
1692
1901
350
273
400
1903
584
1399
1982
1304
596
1111
1374
939
214
358
1435
52
481
1547
1233
1400
40
568
896
1086
447
310
1392
1535
1992
1084
1437
342
1357
189
246
1941
1940
228
1598
888
1340
972
1827
1906
1330
1614
310
163
1162
1544
1564
1554
464
460
641
911
1122
33
447
1114
1118
236
1808
827
777
54
1121
718
635
719
1606
327
1691
1786
233
1021
1400
544
1184
914
440
1100
469
904
1912
1462
167
1034
1495
614
500
